% -------------------------------------------------------------------
%  Generated by MATLAB on 31-Dec-2024 17:54:00
%  MATLAB version: 24.2.0.2806996 (R2024b) Update 3
% -------------------------------------------------------------------
                                                           

qSegSpr_seg45i2u0r3 = 16.3684265834884;

tensioner_x0 = 0.142546464387227;

track_seg_tgts_seg45i2u0r3 = cell(45, 3);
track_seg_tgts_seg45i2u0r3{1,1} = 'on';
track_seg_tgts_seg45i2u0r3{2,1} = 'on';
track_seg_tgts_seg45i2u0r3{3,1} = 'on';
track_seg_tgts_seg45i2u0r3{4,1} = 'on';
track_seg_tgts_seg45i2u0r3{5,1} = 'on';
track_seg_tgts_seg45i2u0r3{6,1} = 'on';
track_seg_tgts_seg45i2u0r3{7,1} = 'on';
track_seg_tgts_seg45i2u0r3{8,1} = 'on';
track_seg_tgts_seg45i2u0r3{9,1} = 'on';
track_seg_tgts_seg45i2u0r3{10,1} = 'on';
track_seg_tgts_seg45i2u0r3{11,1} = 'on';
track_seg_tgts_seg45i2u0r3{12,1} = 'on';
track_seg_tgts_seg45i2u0r3{13,1} = 'on';
track_seg_tgts_seg45i2u0r3{14,1} = 'on';
track_seg_tgts_seg45i2u0r3{15,1} = 'on';
track_seg_tgts_seg45i2u0r3{16,1} = 'on';
track_seg_tgts_seg45i2u0r3{17,1} = 'on';
track_seg_tgts_seg45i2u0r3{18,1} = 'on';
track_seg_tgts_seg45i2u0r3{19,1} = 'on';
track_seg_tgts_seg45i2u0r3{20,1} = 'on';
track_seg_tgts_seg45i2u0r3{21,1} = 'on';
track_seg_tgts_seg45i2u0r3{22,1} = 'on';
track_seg_tgts_seg45i2u0r3{23,1} = 'on';
track_seg_tgts_seg45i2u0r3{24,1} = 'on';
track_seg_tgts_seg45i2u0r3{25,1} = 'on';
track_seg_tgts_seg45i2u0r3{26,1} = 'on';
track_seg_tgts_seg45i2u0r3{27,1} = 'on';
track_seg_tgts_seg45i2u0r3{28,1} = 'on';
track_seg_tgts_seg45i2u0r3{29,1} = 'on';
track_seg_tgts_seg45i2u0r3{30,1} = 'on';
track_seg_tgts_seg45i2u0r3{31,1} = 'on';
track_seg_tgts_seg45i2u0r3{32,1} = 'on';
track_seg_tgts_seg45i2u0r3{33,1} = 'on';
track_seg_tgts_seg45i2u0r3{34,1} = 'on';
track_seg_tgts_seg45i2u0r3{35,1} = 'on';
track_seg_tgts_seg45i2u0r3{36,1} = 'on';
track_seg_tgts_seg45i2u0r3{37,1} = 'off';
track_seg_tgts_seg45i2u0r3{38,1} = 'on';
track_seg_tgts_seg45i2u0r3{39,1} = 'on';
track_seg_tgts_seg45i2u0r3{40,1} = 'on';
track_seg_tgts_seg45i2u0r3{41,1} = 'on';
track_seg_tgts_seg45i2u0r3{42,1} = 'on';
track_seg_tgts_seg45i2u0r3{43,1} = 'on';
track_seg_tgts_seg45i2u0r3{44,1} = 'on';
track_seg_tgts_seg45i2u0r3{45,1} = 'on';
track_seg_tgts_seg45i2u0r3{1,2} = 'Low';
track_seg_tgts_seg45i2u0r3{2,2} = 'Low';
track_seg_tgts_seg45i2u0r3{3,2} = 'Low';
track_seg_tgts_seg45i2u0r3{4,2} = 'Low';
track_seg_tgts_seg45i2u0r3{5,2} = 'Low';
track_seg_tgts_seg45i2u0r3{6,2} = 'Low';
track_seg_tgts_seg45i2u0r3{7,2} = 'Low';
track_seg_tgts_seg45i2u0r3{8,2} = 'Low';
track_seg_tgts_seg45i2u0r3{9,2} = 'Low';
track_seg_tgts_seg45i2u0r3{10,2} = 'Low';
track_seg_tgts_seg45i2u0r3{11,2} = 'Low';
track_seg_tgts_seg45i2u0r3{12,2} = 'Low';
track_seg_tgts_seg45i2u0r3{13,2} = 'Low';
track_seg_tgts_seg45i2u0r3{14,2} = 'Low';
track_seg_tgts_seg45i2u0r3{15,2} = 'Low';
track_seg_tgts_seg45i2u0r3{16,2} = 'Low';
track_seg_tgts_seg45i2u0r3{17,2} = 'Low';
track_seg_tgts_seg45i2u0r3{18,2} = 'Low';
track_seg_tgts_seg45i2u0r3{19,2} = 'Low';
track_seg_tgts_seg45i2u0r3{20,2} = 'Low';
track_seg_tgts_seg45i2u0r3{21,2} = 'Low';
track_seg_tgts_seg45i2u0r3{22,2} = 'Low';
track_seg_tgts_seg45i2u0r3{23,2} = 'Low';
track_seg_tgts_seg45i2u0r3{24,2} = 'Low';
track_seg_tgts_seg45i2u0r3{25,2} = 'Low';
track_seg_tgts_seg45i2u0r3{26,2} = 'Low';
track_seg_tgts_seg45i2u0r3{27,2} = 'Low';
track_seg_tgts_seg45i2u0r3{28,2} = 'Low';
track_seg_tgts_seg45i2u0r3{29,2} = 'Low';
track_seg_tgts_seg45i2u0r3{30,2} = 'Low';
track_seg_tgts_seg45i2u0r3{31,2} = 'Low';
track_seg_tgts_seg45i2u0r3{32,2} = 'Low';
track_seg_tgts_seg45i2u0r3{33,2} = 'Low';
track_seg_tgts_seg45i2u0r3{34,2} = 'Low';
track_seg_tgts_seg45i2u0r3{35,2} = 'Low';
track_seg_tgts_seg45i2u0r3{36,2} = 'Low';
track_seg_tgts_seg45i2u0r3{37,2} = 'Low';
track_seg_tgts_seg45i2u0r3{38,2} = 'Low';
track_seg_tgts_seg45i2u0r3{39,2} = 'Low';
track_seg_tgts_seg45i2u0r3{40,2} = 'Low';
track_seg_tgts_seg45i2u0r3{41,2} = 'Low';
track_seg_tgts_seg45i2u0r3{42,2} = 'Low';
track_seg_tgts_seg45i2u0r3{43,2} = 'Low';
track_seg_tgts_seg45i2u0r3{44,2} = 'Low';
track_seg_tgts_seg45i2u0r3{45,2} = 'Low';
track_seg_tgts_seg45i2u0r3{1,3} = 16.735285413658797;
track_seg_tgts_seg45i2u0r3{2,3} = 16.761560076341112;
track_seg_tgts_seg45i2u0r3{3,3} = 16.853994181287174;
track_seg_tgts_seg45i2u0r3{4,3} = 8.7891842952429275;
track_seg_tgts_seg45i2u0r3{5,3} = -2.6780711620499047E-6;
track_seg_tgts_seg45i2u0r3{6,3} = 3.3981061341777441E-6;
track_seg_tgts_seg45i2u0r3{7,3} = 6.5981324361648452E-6;
track_seg_tgts_seg45i2u0r3{8,3} = 7.1751315349838122E-6;
track_seg_tgts_seg45i2u0r3{9,3} = 5.4435561575798855E-6;
track_seg_tgts_seg45i2u0r3{10,3} = 1.6079769418138282E-6;
track_seg_tgts_seg45i2u0r3{11,3} = -1.3069854117349254E-6;
track_seg_tgts_seg45i2u0r3{12,3} = 12.555669870843165;
track_seg_tgts_seg45i2u0r3{13,3} = 23.761354956436644;
track_seg_tgts_seg45i2u0r3{14,3} = 23.816965047351044;
track_seg_tgts_seg45i2u0r3{15,3} = 23.214262817992083;
track_seg_tgts_seg45i2u0r3{16,3} = 24.903594686865429;
track_seg_tgts_seg45i2u0r3{17,3} = 17.297979716298912;
track_seg_tgts_seg45i2u0r3{18,3} = 5.7226175415806289E-7;
track_seg_tgts_seg45i2u0r3{19,3} = -4.1930174820777949E-6;
track_seg_tgts_seg45i2u0r3{20,3} = 0.9953431497288886;
track_seg_tgts_seg45i2u0r3{21,3} = 3.0274769103636348;
track_seg_tgts_seg45i2u0r3{22,3} = -6.8083538101645783E-6;
track_seg_tgts_seg45i2u0r3{23,3} = -3.7484120313976456E-5;
track_seg_tgts_seg45i2u0r3{24,3} = 7.3524112537515149E-6;
track_seg_tgts_seg45i2u0r3{25,3} = 1.1179997479783235;
track_seg_tgts_seg45i2u0r3{26,3} = 1.5371401258781308;
track_seg_tgts_seg45i2u0r3{27,3} = 5.2557841255749605E-6;
track_seg_tgts_seg45i2u0r3{28,3} = -7.5934678522286683E-7;
track_seg_tgts_seg45i2u0r3{29,3} = 2.3911689997927628;
track_seg_tgts_seg45i2u0r3{30,3} = 20.676193602805519;
track_seg_tgts_seg45i2u0r3{31,3} = 24.938008632918031;
track_seg_tgts_seg45i2u0r3{32,3} = 23.1124828315566;
track_seg_tgts_seg45i2u0r3{33,3} = 24.080935265120807;
track_seg_tgts_seg45i2u0r3{34,3} = 23.091139619235911;
track_seg_tgts_seg45i2u0r3{35,3} = 9.9393280054244553;
track_seg_tgts_seg45i2u0r3{36,3} = -5.0911281685379226E-6;
track_seg_tgts_seg45i2u0r3{37,3} = -4.3665376488378992E-7;
track_seg_tgts_seg45i2u0r3{38,3} = 2.8324286512392165E-6;
track_seg_tgts_seg45i2u0r3{39,3} = 4.86659628472686E-6;
track_seg_tgts_seg45i2u0r3{40,3} = 4.1469400271775725E-6;
track_seg_tgts_seg45i2u0r3{41,3} = 7.6625187041096025E-7;
track_seg_tgts_seg45i2u0r3{42,3} = -7.8841572082924833E-7;
track_seg_tgts_seg45i2u0r3{43,3} = 7.0642086612835113;
track_seg_tgts_seg45i2u0r3{44,3} = 16.433366799323622;
track_seg_tgts_seg45i2u0r3{45,3} = 16.90536611678791;

