% -------------------------------------------------------------------
%  Generated by MATLAB on 29-Dec-2024 22:56:58
%  MATLAB version: 24.2.0.2806996 (R2024b) Update 3
% -------------------------------------------------------------------
                                                          

track_joint_targetsC46I2 = cell(46, 3);
track_joint_targetsC46I2{1,1} = 'on';
track_joint_targetsC46I2{2,1} = 'on';
track_joint_targetsC46I2{3,1} = 'on';
track_joint_targetsC46I2{4,1} = 'on';
track_joint_targetsC46I2{5,1} = 'on';
track_joint_targetsC46I2{6,1} = 'off';
track_joint_targetsC46I2{7,1} = 'on';
track_joint_targetsC46I2{8,1} = 'on';
track_joint_targetsC46I2{9,1} = 'on';
track_joint_targetsC46I2{10,1} = 'on';
track_joint_targetsC46I2{11,1} = 'on';
track_joint_targetsC46I2{12,1} = 'on';
track_joint_targetsC46I2{13,1} = 'on';
track_joint_targetsC46I2{14,1} = 'on';
track_joint_targetsC46I2{15,1} = 'on';
track_joint_targetsC46I2{16,1} = 'on';
track_joint_targetsC46I2{17,1} = 'on';
track_joint_targetsC46I2{18,1} = 'on';
track_joint_targetsC46I2{19,1} = 'on';
track_joint_targetsC46I2{20,1} = 'on';
track_joint_targetsC46I2{21,1} = 'on';
track_joint_targetsC46I2{22,1} = 'on';
track_joint_targetsC46I2{23,1} = 'on';
track_joint_targetsC46I2{24,1} = 'on';
track_joint_targetsC46I2{25,1} = 'on';
track_joint_targetsC46I2{26,1} = 'on';
track_joint_targetsC46I2{27,1} = 'on';
track_joint_targetsC46I2{28,1} = 'on';
track_joint_targetsC46I2{29,1} = 'on';
track_joint_targetsC46I2{30,1} = 'on';
track_joint_targetsC46I2{31,1} = 'on';
track_joint_targetsC46I2{32,1} = 'on';
track_joint_targetsC46I2{33,1} = 'on';
track_joint_targetsC46I2{34,1} = 'on';
track_joint_targetsC46I2{35,1} = 'on';
track_joint_targetsC46I2{36,1} = 'on';
track_joint_targetsC46I2{37,1} = 'on';
track_joint_targetsC46I2{38,1} = 'on';
track_joint_targetsC46I2{39,1} = 'on';
track_joint_targetsC46I2{40,1} = 'on';
track_joint_targetsC46I2{41,1} = 'on';
track_joint_targetsC46I2{42,1} = 'on';
track_joint_targetsC46I2{43,1} = 'on';
track_joint_targetsC46I2{44,1} = 'on';
track_joint_targetsC46I2{45,1} = 'on';
track_joint_targetsC46I2{46,1} = 'on';
track_joint_targetsC46I2{1,2} = 'Low';
track_joint_targetsC46I2{2,2} = 'Low';
track_joint_targetsC46I2{3,2} = 'Low';
track_joint_targetsC46I2{4,2} = 'Low';
track_joint_targetsC46I2{5,2} = 'Low';
track_joint_targetsC46I2{6,2} = 'Low';
track_joint_targetsC46I2{7,2} = 'Low';
track_joint_targetsC46I2{8,2} = 'Low';
track_joint_targetsC46I2{9,2} = 'Low';
track_joint_targetsC46I2{10,2} = 'Low';
track_joint_targetsC46I2{11,2} = 'Low';
track_joint_targetsC46I2{12,2} = 'Low';
track_joint_targetsC46I2{13,2} = 'Low';
track_joint_targetsC46I2{14,2} = 'Low';
track_joint_targetsC46I2{15,2} = 'Low';
track_joint_targetsC46I2{16,2} = 'Low';
track_joint_targetsC46I2{17,2} = 'Low';
track_joint_targetsC46I2{18,2} = 'Low';
track_joint_targetsC46I2{19,2} = 'Low';
track_joint_targetsC46I2{20,2} = 'Low';
track_joint_targetsC46I2{21,2} = 'Low';
track_joint_targetsC46I2{22,2} = 'Low';
track_joint_targetsC46I2{23,2} = 'Low';
track_joint_targetsC46I2{24,2} = 'Low';
track_joint_targetsC46I2{25,2} = 'Low';
track_joint_targetsC46I2{26,2} = 'Low';
track_joint_targetsC46I2{27,2} = 'Low';
track_joint_targetsC46I2{28,2} = 'Low';
track_joint_targetsC46I2{29,2} = 'Low';
track_joint_targetsC46I2{30,2} = 'Low';
track_joint_targetsC46I2{31,2} = 'Low';
track_joint_targetsC46I2{32,2} = 'Low';
track_joint_targetsC46I2{33,2} = 'Low';
track_joint_targetsC46I2{34,2} = 'Low';
track_joint_targetsC46I2{35,2} = 'Low';
track_joint_targetsC46I2{36,2} = 'Low';
track_joint_targetsC46I2{37,2} = 'Low';
track_joint_targetsC46I2{38,2} = 'Low';
track_joint_targetsC46I2{39,2} = 'Low';
track_joint_targetsC46I2{40,2} = 'Low';
track_joint_targetsC46I2{41,2} = 'Low';
track_joint_targetsC46I2{42,2} = 'Low';
track_joint_targetsC46I2{43,2} = 'Low';
track_joint_targetsC46I2{44,2} = 'Low';
track_joint_targetsC46I2{45,2} = 'Low';
track_joint_targetsC46I2{46,2} = 'Low';
track_joint_targetsC46I2{1,3} = 21.069037113927834;
track_joint_targetsC46I2{2,3} = 21.2727652242001;
track_joint_targetsC46I2{3,3} = 21.1778422100605;
track_joint_targetsC46I2{4,3} = 14.679914199262846;
track_joint_targetsC46I2{5,3} = -9.8563085710668714E-7;
track_joint_targetsC46I2{6,3} = 2.7816959452806691E-8;
track_joint_targetsC46I2{7,3} = 1.0630171225011105E-6;
track_joint_targetsC46I2{8,3} = 3.6381630548533352;
track_joint_targetsC46I2{9,3} = 23.326541300352005;
track_joint_targetsC46I2{10,3} = 28.63169311768241;
track_joint_targetsC46I2{11,3} = 28.631677194768461;
track_joint_targetsC46I2{12,3} = 23.326596459140504;
track_joint_targetsC46I2{13,3} = 3.6382456732902018;
track_joint_targetsC46I2{14,3} = 5.4746085138363808E-7;
track_joint_targetsC46I2{15,3} = 0.66940884100636411;
track_joint_targetsC46I2{16,3} = 0.72680273702106069;
track_joint_targetsC46I2{17,3} = 2.0811751632634414E-7;
track_joint_targetsC46I2{18,3} = 7.6397130855159249E-5;
track_joint_targetsC46I2{19,3} = 8.825766279840712E-5;
track_joint_targetsC46I2{20,3} = -2.4945806462149644E-6;
track_joint_targetsC46I2{21,3} = 0.0063131297503506972;
track_joint_targetsC46I2{22,3} = 0.0073615408295907908;
track_joint_targetsC46I2{23,3} = 5.2086531694444219E-7;
track_joint_targetsC46I2{24,3} = 0.83628883621910888;
track_joint_targetsC46I2{25,3} = 0.18816071262418219;
track_joint_targetsC46I2{26,3} = 1.7405075805558962E-6;
track_joint_targetsC46I2{27,3} = 6.7648003231320448;
track_joint_targetsC46I2{28,3} = 25.13680464892952;
track_joint_targetsC46I2{29,3} = 28.430236185735318;
track_joint_targetsC46I2{30,3} = 27.881284547746283;
track_joint_targetsC46I2{31,3} = 27.911047729527532;
track_joint_targetsC46I2{32,3} = 28.275427058260941;
track_joint_targetsC46I2{33,3} = 15.044074811989358;
track_joint_targetsC46I2{34,3} = -6.9239612837810291E-6;
track_joint_targetsC46I2{35,3} = 3.4506158862413694E-5;
track_joint_targetsC46I2{36,3} = 3.8711438421916233E-5;
track_joint_targetsC46I2{37,3} = 3.6067124650663894E-5;
track_joint_targetsC46I2{38,3} = 3.5198948898622469E-5;
track_joint_targetsC46I2{39,3} = 3.5527168800959539E-5;
track_joint_targetsC46I2{40,3} = 3.5551826581278134E-5;
track_joint_targetsC46I2{41,3} = 3.5481011436941619E-5;
track_joint_targetsC46I2{42,3} = 3.7609275884603782E-5;
track_joint_targetsC46I2{43,3} = 4.2477780176345714E-5;
track_joint_targetsC46I2{44,3} = 3.8992534543097891E-5;
track_joint_targetsC46I2{45,3} = -1.2114227289884364E-5;
track_joint_targetsC46I2{46,3} = 8.72899698224294;

